$ANSIBLE_VAULT;1.1;AES256
33646438333231643961383537663363633665386335303964653163316233616331653235373661
6166356237313632336533633438616332316661343165350a653461326462343338383335656430
65643261666630376136336266623139376338343964396562616564613163333635396363643662
6334386137386238340a336431313664656464663435613734343036353835636138353965666436
32623239306336323061656266386631376333353765643661356235366164376330383266376338
37316236393639316437653630326663626130326133303736343131663861626236336338393438
64663161386539306437643466396139303639636566623563343938623734326365306664333661
30383635643437393130626131633037373962303338313866353866353935373131383036613931
38383333643662303965366137383230356136633761316534633037333465323136626562366532
34636463653137363162626265333662616263303263643664366432616539333831636661336333
35393764313739613166633332316239313835626661666663653430333766376162653464633633
33333831333535656338636165616166646263333365333363656631306137663339366138633633
66383962356232333035323830646238616134666133666234646632353765376339303961346661
31326135373133633038396465633835646461656434396130636665316163616564636265306430
39396538383336316664616335636262376337613534646633636361626465326536316264613166
34366365363264303565616239613335353035616339343932306637656363346633323665363564
66613630623431663463306261376661376338326439376333663233613630343865313135623365
3466643031303135383132663832333465353061373333376435
